1
1 753
2 295
3 174
4 251
5 469

2
1 683
2 408

3
1 471
2 137
3 75

4
1 212
2 167
3 63
4 105
5 136

5
1 59
2 451
3 168
4 4
5 0
6 0
7 1

6
1 473
2 137
3 73

7
1 200
2 221
3 147
4 115

8
1 21
2 95
3 0
4 21
5 74
6 95
7 0
8 0
9 11
10 11
11 0
12 82
13 126
14 147

9
1 546
2 137

10
1 158
2 74
3 116
4 32
5 303

11
1 336
2 284
3 157
4 200
5 179

12
1 220
2 357
3 452
4 321
5 242
6 63

13
1 263
2 221
3 273
4 158
5 168
6 147
7 95
8 126

14
1 400
2 283

15
1 473
2 263
3 315
4 294
5 263
6 53
7 21

16
1 210
2 473

17
1 32
2 567
3 42
4 42

18
1 42
2 74
3 0
4 10
5 12
6 11
7 32
8 1
9 0
10 22
11 5
12 30
13 31
14 0
15 12
16 1
17 9
18 183
19 17
20 11
21 9
22 2
23 49
24 10
25 4
26 39
27 3
28 18
29 2
30 13
31 0
32 0
33 0
34 31
35 0
